75
5
0.0
72.0
144.0
216.0
288.0
51.2
189.5
306.4
108.7
274.2
10.2
12.3
180.0
180.5
250.0
5.0
6.0
6.5
150.0
270.0
27.1
65.5
120.2
190.3
308.9
0.0
3.0
180.0
179.0
170.0
10.0
12.5
15.0
180.0
270.0
50.0
55.0
180.0
240.0
330.0
21.5
83.2
147.9
210.5
296.0
0.0
72.0
144.0
216.0
288.0
0.0
72.0
144.0
216.0
288.0
63.1
129.4
197.3
45.6
282.8
5.0
6.0
120.5
220.0
330.0
10.0
12.0
13.0
160.0
300.0
15.0
16.0
17.0
18.0
270.0
3.0
2.0
170.0
180.0
177.0
0.0
72.0
180.0
288.0
144.0
47.2
138.9
257.4
18.5
350.6
90.0
91.0
150.0
200.0
300.0
315.5
70.1
215.8
120.2
360.0
30.0
31.0
32.0
180.0
330.0
0.0
72.0
144.0
216.0
288.0
25.6
160.8
48.5
275.0
119.4
160.0
162.0
260.0
90.0
320.0
350.5
123.0
88.8
215.4
330.1
5.0
10.0
190.0
170.0
170.5
10.0
72.0
180.0
288.0
144.0
5.0
6.0
8.0
150.0
300.0
300.0
180.5
235.6
50.0
260.5
5.0
6.0
180.0
230.0
300.0
100.0
250.0
22.5
140.3
320.0
3.0
4.0
180.0
270.0
90.0
2.0
4.0
170.0
180.0
178.0
15.0
16.0
17.0
220.0
330.0
0.0
72.0
180.0
288.0
144.0
65.5
112.7
180.2
43.0
222.5
10.0
11.0
110.0
210.0
300.0
45.0
140.2
250.1
70.8
300.0
5.0
7.0
10.0
170.0
350.0
0.0
72.0
180.0
288.0
144.0
50.0
51.0
120.0
240.0
330.0
12.0
57.0
200.0
250.0
320.0
90.0
170.0
50.0
110.0
220.0
120.0
121.0
180.0
220.0
300.0
40.0
150.0
10.0
220.0
300.0
100.0
101.0
102.0
180.0
330.0
8.0
9.0
160.0
180.0
175.0
35.0
95.0
175.0
215.0
300.0
0.0
72.0
180.0
288.0
144.0
50.0
51.0
180.0
270.0
330.0
63.0
120.0
130.5
172.5
245.0
75.0
180.0
60.0
220.0
160.0
80.0
290.0
35.0
9.5
240.0
320.0
100.0
150.5
90.0
270.0
110.0
180.0
120.5
300.0
350.0
180.0
10.5
220.0
100.0
175.5
210.0
300.0
40.0
320.0
5.0
330.0
12.5
150.0
100.0
100.5
300.0
8.0
15.0
90.0
120.0
150.0
130.0
70.0
35.5
10.0
160.0
240.0
200.0
340.0
50.0
280.0
330.0
0.0
72.0
144.0
216.0
288.0
53.0
150.0
120.0
275.0
19.0
30.0
100.0
150.0
90.0
220.0
280.0
250.0
110.0
180.0
210.0
270.0
350.0
0.0
72.0
144.0
216.0
288.0
55.5
120.0
160.0
230.0
100.0
25.0
300.0
15.0
80.0
120.0
90.0
170.0
5.0
6.5
200.0
220.0
350.0
320.0
250.0
10.0
150.0
300.0
100.0
65.0
180.0
190.0
270.0
220.0
50.0
60.0
120.0
320.0
30.0
95.0
150.0
200.0
10.0
350.0
240.0
180.0
110.0