100
6
0.0
60.0
120.0
180.0
240.0
300.0
0.0
110.54596629143968
-110.54596629143968
172.80943081046968
-172.80943081046968
72.17709233029056
0.0
2.5360540929439512
-2.5360540929439512
65.35172812967389
-65.35172812967389
92.17776919021134
0.0
30.87058765983815
-30.87058765983815
35.531757292647846
-35.531757292647846
105.22109406381819
0.0
155.07142849389137
-155.07142849389137
21.043450811273118
-21.043450811273118
91.67074634907723
0.0
81.57525842767733
-81.57525842767733
116.5148103564234
-116.5148103564234
145.32048197128057
0.0
13.044710525275878
-13.044710525275878
117.45971539841337
-117.45971539841337
132.00525944849184
0.0
73.67241844855363
-73.67241844855363
89.59928629736447
-89.59928629736447
79.29320712598178
0.0
10.057884269378299
-10.057884269378299
130.32972716304894
-130.32972716304894
62.37328857445148
0.0
165.36852553165943
-165.36852553165943
82.46105631650174
-82.46105631650174
171.16267380911447
0.0
140.37497688871974
-140.37497688871974
88.95125991003081
-88.95125991003081
123.76918133991721
0.0
117.00525191733695
-117.00525191733695
52.168550883837725
-52.168550883837725
115.07822188254094
0.0
33.114659106723906
-33.114659106723906
76.94511451394301
-76.94511451394301
111.90859149580389
0.0
108.8912583844739
-108.8912583844739
25.266968459439457
-25.266968459439457
37.11367330035296
0.0
78.0313539793135
-78.0313539793135
123.91935944383775
-123.91935944383775
7.0602017459523125
0.0
23.844799563159153
-23.844799563159153
114.58050092124356
-114.58050092124356
58.01614472645356
0.0
138.5243538591653
-138.5243538591653
82.21898941602906
-82.21898941602906
38.653988709110926
0.0
82.11203716147284
-82.11203716147284
40.66136926143428
-40.66136926143428
96.42437511100576
0.0
123.26160681578361
-123.26160681578361
38.82093478765642
-38.82093478765642
123.31478948242324
0.0
65.23398483408012
-65.23398483408012
54.64751420423082
-54.64751420423082
23.780584926156582
0.0
20.63170543776139
-20.63170543776139
91.47897130644456
-91.47897130644456
149.33346586691616
0.0
62.51473154108156
-62.51473154108156
157.02555223059113
-157.02555223059113
163.54289696040942
0.0
162.66309456548052
-162.66309456548052
55.830120898211206
-55.830120898211206
108.49422404556785
0.0
94.94386621053017
-94.94386621053017
65.24837906611471
-65.24837906611471
92.43737831691745
0.0
37.62138468148067
-37.62138468148067
63.87736785983957
-63.87736785983957
18.653558545041694
0.0
178.691714075139
-178.691714075139
8.417105005554417
-8.417105005554417
39.809203984357254
283.96883012953975
108.5680248023426
343.93308572878476
35.63324852953242
215.68268891357366
353.66271513541994
120.78916833317258
224.57980263252392
149.78455503892295
247.04604503260575
303.6305480045084
170.0939465492463
152.8791883498947
188.56906764836472
2.271732880326276
84.84451687068109
175.2177413348014
165.33632185325894
66.07230404025648
272.5402959625885
21.235794251377133
323.04541926914607
91.31552241153581
39.29321780732448
160.0129655262535
8.411747533027025
30.760045691594144
156.54594931437165
174.77650048701238
183.64658873718824
205.13173042920272
254.20766707318725
257.1726290392995
347.12046843848714
58.54889780142723
36.43077408204056
239.88109659919365
98.75802412053392
123.35098801466214
317.50070247686733
190.25009633923136
304.3746051276677
44.52715863571966
131.5995338800743
197.9798292725096
200.0787199463899
279.917973141703
297.7436767621148
241.48511963313356
56.02889455220254
79.58977027684217
339.9846393754536
230.41860434878618
268.24712407657785
36.257956472204796
253.0010305274116
175.93777812914539
327.8555093343176
168.36200075512954
184.49913704395505
215.65077832747568
29.016485765978125
28.371527368419347
238.37823516338295
276.77718799220753
240.02134261254085
281.1293436071237
46.40614815348122
218.91187394574996
216.38560952111905
50.51389003681456
71.18935909793598
116.88131557899413
340.473962460441
167.4301622386335
109.51117554962576
164.53349140074377
129.09156543873215
228.11475627907902
2.6505817175628943
141.90400257027974
118.64250559682336
248.96703918353546
9.083284099588846
211.0525540070484
96.870376967815
2.5953293713566827
295.0057124534466
69.96557581657551
260.8598082690038
319.49330667447373
109.41162333161424
199.27229664456075
82.89208388910966
340.73843505160823
312.99019765113735
83.12319074841997
198.9118965060926
69.33094123973359
23.903424189885335
233.43111164990677
138.77631679052453
271.268173436764
348.5397183099916
75.77728384936823
313.12126505215144
142.1759902884089
161.62975873404875
225.63556662922883
238.59472450601902
181.29522563362576
127.64962259453941
235.17023744551057
241.37000548534834
1.8478662840518023
294.22527785178187
283.7138510026342
348.2664685805402
275.2842183694813
278.291593929173
199.13360816968427
315.46919405751004
136.6387810750771
27.048245317871917
312.64585042310637
236.75302162237887
329.1992509020909
168.29358131939122
246.24018060454085
276.2806829086763
18.919476274104916
28.507043035087918
169.72615684214736
65.45852383867049
122.48393120861927
12.08941685087436
143.51695874603055
308.9976166781578
247.65760003857616
81.4594309215961
3.616232140416158
2.241980212960253
20.53208203956148
115.24432135321027
6.875568685977984
169.98981012007627
111.50484591168889
190.5908462507694
137.4419874980781
76.4474962941693
190.3054933415364
295.66253274270616
59.41606445590573
186.6204669952193
260.1093086821418
269.67788375106386
306.09300446975766
141.35886456018045
261.7548414018601
90.38326607773348
222.76062920624258
81.44015858825756
101.30908977325302
142.64339415772668
307.8796679854356
260.4846966431712
257.7000948923842
86.87137126928204
206.57326290480648
302.1646359994748
151.8635668868058
242.3092003669305
260.70448820415584
124.08032486701529
104.82664886491604
127.70883578936458
131.42172610535113
188.84253135271567
219.37843283183264
240.75293057490677
182.90381975107363
152.31291246490002
168.45343445606386
307.59339907821305
10.138096508758734
359.61921897908445
223.08092094589796
135.17504533673315
148.91620966715863
191.47568747344496
303.7292480360319
331.5505842432399
102.83402815966326
226.50319480771816
111.10132472130003
123.18238358376291
199.93369257265442
79.65790865063708
45.913534148163166
93.26534133106318
290.7271102342226
2.541049221908489
101.9171405308556
11.3944627846822
359.6922348693067
328.27654546909224
132.39793302898153
102.43955143917867
303.9344715882132
91.80748012479421
47.61601884974795
71.27878586954053
115.55760088491043
175.876090095119
239.1247546358861
120.0816959191469
208.38991805059564
203.61643488394338
46.633855550311864
306.12140887720307
55.062834738561364
80.60260946891856
144.0587087477133
210.63487288265432
287.04091224647465
262.35969647080486
203.62420061960904
223.0389817124349
158.0537247074759
327.758474171859
100.36808793403691
229.84946258010666
260.4815139554344
234.37920899444353
44.11532392329423
213.93857766387285
134.59833390319613
118.84376759000646
251.97168199644977
337.30664800299434
42.17763102230798
43.2792728731153
341.6110214883101
339.33151065805083
88.81706864419641
158.4908898439135
94.10767700408708
172.49911105515247
353.4408409834384
115.08499335599521
124.79161726289885
318.9074156675985
238.7892529977192
325.6984002269813
151.58074510699137
183.37503822451043
173.30695371748823
304.6531421429134
82.47126796635023
302.774810024242
312.6927532975007
305.77044900764696
217.34361848271453
46.25183924893415
328.47561015256997
84.74170047942363
273.967889194313
287.27444592344443
51.33267207218542
349.36801131688026
104.0694474770722
6.005645652530012
298.4672134025797
89.14438026772066
302.54189354057
89.27162627376087
177.21549157633993
135.0782230142694
311.37100294226184
255.4430489724031
241.15335057184637
151.2962976934143
119.56004012564065
82.83380758879169
40.324876795704704
281.90799638546383
101.32320790568198
42.76111068352163
173.81698282551403
229.75712004855785
77.04067480600806
112.19968621468922
120.75535450384561
348.10822361088
284.9451363567245
86.0020848662168
214.8987416727764
261.9778575687301
16.236491475166854
204.94604599354804
18.36020967008439
202.73478072715497
112.29766119526013
83.40897950128581
121.58544008121132
117.75767192653976
149.9112251585308
319.25862534644233
289.5697541050627
226.352605152538
68.8531546677805
118.58822845805906
48.39716050921519
193.79679005087186
105.96635098700706
49.21319336354252
21.53623085975847
207.28909973083876
150.79336700852772
89.38580659049376
221.92911698768413
40.751929782961845
150.07421316232046
21.973181397971707
123.76171579440162
129.8430907675694
201.89177127658778
19.38291784957674
196.90451654528087
64.20037700058911
54.97370359644917
330.8100195176997
87.36506257417936
20.855611788363305
344.63667444986385
240.91754322954566
248.69479681643838
270.9190053864876
174.08480973210257
77.85256454527004
172.14437320758316
71.0487270822609
348.25127816075474
168.53823326606812
347.46328541843576
201.88453135817846
7.098239739500429
30.47163224699758
191.59103233765978
177.53871235750006
106.26692744364777
231.7961127210145
169.08875181401223
323.40113708499155
75.19642582092122
45.206189380600634
196.0117257112125
303.9297824325196
246.30589985821751
106.28166724438641
88.0248677415559
197.76183189354145
53.56207894956138
283.1372154806963
163.9145534558575
264.39462696342434
184.72984193039972
151.81229305908175
307.25211934897663
4.849789593577114
238.83067355823522
210.61557283219207
221.81562372126425
148.1480111858459
28.81025623700299
96.6770694884883
50.47810396482039
196.085771851195
199.14290407621445
269.2501546852772
122.62223463227622
170.71972144790976
219.07715948687093
256.84482388548474
271.7426661298359
272.1281031291026
64.45360716472592
29.062508004969114
42.749032792449995
268.4330454570186
94.50219958957155
229.0418978208694
107.58411964100735
285.7312778166226
284.75323714695924
48.71426249972619
168.12327506117134
202.49510188587902
253.17256932345646
166.60576187385726
66.92266422629957
121.16950145437366
93.85816585975431
356.7134844380195
229.23554160975172
309.10517439176476
351.1118034283896
117.02072426791555
203.81739112362604
331.6314853929221
46.42611704616927
77.50637014585548
235.39208867047165
241.98744247850436
271.90387988346816
190.0421086823447
328.2530907884379
125.9925956246631
45.85292336761927
296.3603735542606
148.3251004710753
343.7542240220517
89.77669341957298
95.31493995278065
40.11304510893087
66.37076364112316
210.706892014905
106.9451209989123
285.3171601969261
292.5060441050663
98.80138908229513
278.39364441926773
61.49411659500395
207.87231638133272
137.35702332321145
355.5173390691699
11.996030494159369
200.0748032316922
110.86352465334312
134.06875803752396
312.52042689053417
341.9339748731281
126.45131740842373
165.61600655161078
294.95620551311856
68.31620131763228
195.0625738858588
25.907076592404835
345.8117412738445
94.6673207901094
110.90143200530429
217.1740286849697
294.36327404344127
79.85777367518534
81.19581714580741
250.9114476592823
284.7629292799907
321.61196175065066
33.029929207086866
203.95266891146787
226.69752623578148
329.70873025705947
299.98299998662816
258.2063677492333
140.790738809149
130.30361679762746
108.53639842691267
303.20498001503944
137.79289442350586
134.13789805224079
302.6879537708067
80.65581227152185
154.70403659580077
152.06338238955726
224.93862086102132
21.474467149234087
156.32763639946938
23.225874749251428
52.793448894986476
268.3193571431169
217.3538838312382
94.4144834902975
332.1451727446905
110.43530242936393
327.922838250163
253.4978679036611
152.38549350774286
302.6529579879228
114.71964541163925
295.53266548184473
172.81549588817845
16.680240443194197
20.00515851338378
207.04329822088718
335.9033616876829
240.36063082788664
272.58734871832286
172.13658244935115
30.163969576321993
339.36259995229983
217.58992026601885
253.52845075430864
213.91165248389126
345.8032365939092
245.97663255951102
222.2243080586031
300.86393989940115
59.59841017641482
240.1409219461235
181.50848061749366
119.55047871396357
40.870632134187474
208.47241903172747
294.0623701726306
310.70820573020615
355.5351486237054
299.6630922913469
275.44496313325106
0.3201647057098089
111.22350001848392
346.6176784344607
242.83338983013937
120.68201129223267
266.9932037280097
170.18436824451265
44.83526551400702
147.85673695018923
317.8109991165462
354.52343340726463
186.34873914347983
161.10496138546267
163.58631491238927
168.78293461945344
141.85998632260544
88.3542515760347
132.57059921114305
233.85231609653638
181.23232824314343
101.49799236313524
260.2272923192044
298.3161534159357
133.95471566815328
326.2904652360746
327.21622284847615
94.33193985613188
310.981895593365
253.83169959097722
233.92523395733963
332.00739936083437
7.712316788454832
204.11192282051024
354.021097919571
339.95425176756186
107.31391985244971
256.81226981728656
325.7805076380745
110.04704105149636
50.522145588407376
350.53475669314423
227.5014361287776
116.01718917473801
276.1985302846119
318.8612414012759
82.08372349685456
128.36384596926072
326.3521647048813
280.1175149459382
225.9072684233413
262.16492185399864
69.99057949449656
307.4454025188764
338.4249564258288
69.72303532802816
332.0805215533704
156.7621390248099
101.4266195954003
186.58277502661713
297.0631777071109
342.41297787376703
100.71947908312598
217.30725361480367
230.78259788890762
343.79947527717263
298.00935044816026
126.50332136461677
90.34988186863532
160.99248108805426
227.05626212152836
340.93672438465757
108.37996354387211
13.3154810072628
205.71687924190326
190.17960576885415
126.20187902397552
12.110353796066962
344.2754674337969
96.08474183204144
270.0572821083175
137.37439425477046
90.50399547659174
265.48206348983746
234.96631164897357
167.68373911139435
3.181166917425018
25.844944044489864
282.85365217741867
73.7951593110613
108.33909842613208
290.2750765947789
314.6920763465113
188.54458291027402
46.295627891063596
186.00633775264083
320.8344131562044
89.1372886756058
342.56902788350504
109.7296891182122
229.36929454639557
252.65135427506848
252.0612876948247
343.3926465464294
179.2498482842013
291.5524615135331
133.4348007563629
35.72851441257255
223.1087463851233
103.24460804523699
209.39677738216878
27.621944324759802
54.08690774747248
216.15812246540315
98.64443438334844
73.51922897224574
231.66745835878925
264.60260303547886
26.513189455226858
46.44301452026997
73.42025311243367
155.58923871303728
253.90923190154027
190.77285522665127
162.7267868872055
183.0533356611161
87.89681275860322
324.80460339658674
336.96889347042685
18.3846105807433
332.3495952002934
134.20303177460963
66.32914278494208
280.89914083958286
243.364682369423
177.81383898051828
70.26458846361105
227.86382115613065
211.67677029617877
268.9026210770524
286.87968536631286
240.91011530193822
343.0990844501912
17.740029524135487
349.8383770940457
264.1512336208978
248.0567435502038
325.55381821161006
338.11919287082367
329.04266270476694
162.5673504911825
345.2201693855775
185.83139943990142
262.00316200892195
325.5624763030882
230.66807047299943
12.474381609717291
53.03941835859204
91.23311577764555
84.8223098971444
318.4362441168491
7.094535569135911
120.12076876941929
85.0119955626275
206.19194221093926
64.56670007725006
88.96537919075013
15.123152613811222
14.575179045401146
203.42127632783846
286.86001855052456
45.37564302005122
311.6624339349183
342.5458690281784
264.05151503767934
213.455950091083
321.2214098493605
174.47465906595033
49.76512973816641
234.839214220065
278.3404905109059
25.33474440585458
36.7205874308408
325.48519764914823
321.7696563909237
290.8438706236544
82.54573872716456
176.69466337211887
53.66738458895543
29.41541021078428
142.0831366870624
39.764102030517385
31.862317831418807
226.90309943873925
219.624128044038
217.17821706177634
5.402267464623587
322.24457673174146
296.3937265759379
117.43132918356741
261.0774067526538
79.23925689609601
346.14901308523565
292.17028573288655
256.7684342610937
6.922805509357439
200.54251576550487
97.2030680411487
296.88462196959085
309.47677672967734
305.94139872846137
123.01885561215089
195.82071396687473
186.33885962049703
124.68203768826845
45.81681864936133
117.27565742084195
164.15552163472344
156.27890260517435
336.6426547667553
230.4403103738927
304.44535663327537
287.8955406886499
134.08306221506234
248.47515700083628
74.31828892911713
28.424626662783506
135.070425877768
30.363373022133256
352.32203166970805
136.81303780615693
188.70108463455048
34.13840467352867
307.4639256462107
22.806981851243314
189.5723767966257
187.64943375881205
176.6828603454906
157.0813724578025
19.99521031372469
212.44213559161744
114.52246711392507
297.7565556091977
84.54025680239656
276.99612481089133
178.48330879076582
301.5945754378909
335.7277580752972
307.4746782605473
264.5085427546476
160.70645112425888
246.27218595353105
67.30627374578361
219.28385055080437
9.390634426276598
181.14479625535404
151.33159084791703
69.5091493422742
100.76219072477897
21.81848965053173
285.91370807058223
123.02613826986305
199.12113113121953
255.41114021308533
183.32319747882605
252.66222588776358
351.5475131359658
223.04489379101918
146.87402309499134
210.87803701237235
150.99981093155145
304.59075250445727
302.7001098337174
61.78219744477316
103.23232057245134
181.06915292562073
104.7264929223807
36.803705959039924
281.13637652952843
121.32876632030101
21.303147935879217
161.2887047478145
132.64897933634168
326.22757140231147
25.13348816470816
61.515066760265434
302.1619272128822
91.39145068992099
232.54376422062506
245.0948184027404
190.40324330389947
158.7274764965884
333.8035078260912
292.4608372378243
354.05194631713863
197.22031927523528
163.12129626041713
203.11101086838994
213.88611394045944
285.1420096377922
115.10421309065228
87.5094606705901
179.0534972033187
78.65666102341582
83.88331585270309
84.0210535209623
125.09274261197791
5.9034637081252805
261.77165360789786
169.9820637576997
144.62250620220848
320.99272937175766
286.23527914532525
306.9861630019167
262.15477734571306
28.95138500318467
67.12188893883466
72.69184591457362
88.27767750532587
190.50582803960964
240.5057052731369
64.93360437410442
263.4923214992454
174.69170806369362
221.17131645548847
158.6459820332252
328.27705524643136
87.63158106306777
142.67323570218053
232.08604578263206
73.49175360442099
27.423203658057975
62.071986141089994
176.06643868006145
274.0236838763939
157.9325687808739
305.8617078777474
258.3878372764431
348.6157019092505
138.38743570578782
64.268044604426
75.38585291783514
240.10645449490244
271.0187059401182
63.00957659721029
223.48456481350752
352.85138801562954
35.59850473920099
114.77965581084469
265.87475302554486
277.8824836356844
187.5754175663648
97.11991058126391
232.91205478781544
161.403571445106
185.60884611309305
59.020613263057896
19.556423188856495
8.507248961379208
264.6560880085326
325.49713941413296
229.15108085933045
41.53843559438354
22.36728277572828
87.55586507040444
20.065560006601125
291.31870766532325
259.39483075652345
314.3769419411328
140.2040798533407
49.48453694221709
88.32565713722605
65.2052819747055
24.107057754640607
91.48170518487501
1.2959820222858198
290.355432518679
18.350056090719818
92.29717674485318
222.95019088672555
233.89979589406067
333.1711319434621
0.7988276038917697
33.25645419520497
185.02388868363514
271.7339943265812
73.59237877247789
223.79392679870222
50.69631147235877
23.161051055568148
195.5940992263025
51.4772904716988
359.21529733650124
21.446952612210126
192.0567706330178
135.28645770620903
292.357483327135
89.58969941006873
145.5755794566555
264.4205970030468
183.26900860288418
346.7531740332207
111.63954418913004
290.39713306666505
327.9027319792494
316.00124372275036
277.583289973884
80.96817508586767
99.71966986160247
191.12038595661318
132.33287039878803
240.32811727713266
190.53670112758795
3.274171906582515
128.12863094031957
147.9380055993917
284.8167156928207
151.709601599797
20.446871665655628
117.39345529598927
250.36136027309288
187.46187207478405
208.6315053376856
167.11495917591566
275.28070693397166
304.98057914321066
247.28551361861122
146.24041512178258
19.278124334492016
23.827114168726773
137.26152206661104
131.9518548042859
56.702738270473
271.06936853459104
35.12959719067603
228.56937265674503
229.48606819620937
264.7266263126783
81.28938693082867
114.09723767058912
319.9931136716796
89.59395368502751
19.433172683572653
176.50849509471166
176.98269634372514
209.00196470291274
43.85483336713427
299.90601234694196
42.28562443406765
209.54447653124285
146.13953791270518
179.7994481277815
51.4732945648954
150.53305420561307
259.0572959195865
187.0892672638405
78.70366937522515
65.91409089737111
73.02316089425021
101.95036433600391
64.09530509703634
203.6105099581956
289.27558980612673
261.65952045427724
301.39438832589644
205.72687093986818
73.96365966485068
250.51241338941733
154.36382461792806
152.78311446627208
268.62285053806875
205.32757498359106
232.23714234097085
56.118862341959016
175.05824675082718
236.63606390522617
187.7446315918236
24.836595359597137
266.44295670750444
13.507361574752498
245.63253591654234
77.12870372346723
21.47874137309953
189.06347683117693
285.26079140664854
90.56003270166269
314.7547408650449
54.08484687248102
147.77830658730565
211.85385010604168
263.97948448509015
37.713112151291995
296.539328961956
173.95609734267654
133.55016064097185
147.10746263995816
308.83820477177136
316.6288983192686
223.96239652246146
232.01289490770716
37.703966181849964
36.551392884198336
197.85276990093746
355.55006727630723
174.41028311688024
63.88200059013102
6.005354711627082
149.13819667835673
205.52040606581653
174.46314834272184
120.44264867824072
147.31394054615706
232.70065651869336
220.32590107002136
196.760298795057
257.31077733857626
9.200249264572102
295.87850994059676
134.1541450848645
238.61485777817794
283.80914402410997
93.13953594421523
299.12711059207464
149.31510686111702
251.26985581470058
36.602633514025456
27.65253698132998
358.9166076312468
267.5329691252778
66.79673992464002
20.60968429979323
131.38814492741682
158.91045527811906
81.33197885244162
58.596044391613525
307.56615257104403
276.0947284859724
243.19809364816115
64.76038583880339
102.63894177823138
117.17557383912339
148.30884384425613
178.08926021004842
242.28671837167803
68.20099604844883
327.7622858020519
244.6190633384021
350.15427486913126
225.49232032165563
105.01355851874045
110.33440068215666
189.6850305606022
290.8377108692359
234.1331720203658
27.05306187583263
334.94652650863685
168.85246825130295
132.55051901611114
41.38651562597642
297.9289760747931
145.2085788397163
250.1588158599794
226.9042248563205
273.9002128457533
225.09979814060853
266.3842643166544
320.9189606340976
201.75187854215727
3.2229343651635656
57.79876095525072
339.849391474765
332.8731199392412
79.7198812032243
91.08201984197535
110.90540801563043
279.9397807911204
290.93898370404224
309.6157579692524
132.88046115876884
256.10864771222367
129.53852459446614
176.71869350028132
45.124561925659535
115.4577540232007
285.3690181983201
114.50824103807957
161.31034936144255
187.11533629992908
326.73520154087873
94.60083143726183
13.393916132216418
358.37174258650646
201.05261297391453
75.33975318630972
291.2110692184176
286.16994224198635
344.5776354943994
179.96562903504545
194.43872255053094
241.7219932892592
312.8041606254195
91.12158054139702
76.1902178399504
79.60034748110775
256.28381607617496
259.31126570419354
231.3025224056405
10.504419940950683
311.0409727231648
306.40492088890284
247.4120668838342
6.004440631810644
288.4177527382813
170.0148923633945
173.20539474207237
333.9161210394026
16.09821550827585
0.5387096036842998
345.76951204012056
154.56132053623847
100.22515539550079
149.8944194524146
57.75617489994392
221.02132350727712
147.9368670162311
99.44942581673459
215.11319640835393
280.59104471921154
290.3152755357652
344.3704370551766
137.42503639279883
89.99395162084156
137.65104514306557
322.59917619638213
205.44401143635076
233.5191037803997
282.0951909387345
208.88443911840312
244.18243936108556
171.09317181859944
137.18085366158263
67.77819949553795
64.9751589729849
22.402034772588525
149.36286675285194
114.22969675374316
116.21092218507583
353.52799183318405
73.63707692625805
346.3880919259089
189.97018463410345
274.17018562476227
353.4650158860719
352.45093383335285
80.5959084102968
116.36740162678659
204.6439480582617
211.8720386679421
351.2630828855574
329.74412680745473
293.42626580418766
30.969157913477822
135.90167029314833
153.65204069620006
161.1061630989478
293.9482469712676
106.36677943631835
313.1808269052435
260.4557324760155
232.58774873403655
248.53891884497983
193.86389800321345
33.806583182169604
221.30284737894212
156.07628178250556
279.0057959330556
318.23725911392467
69.03624584164884
86.83004634730956
203.91007469399125
310.24062287018336
205.39853631432015
34.47267206705422
72.88758932868829
160.40963234348231
265.70789735097463
106.67844025449045
17.77701662143878
78.09381230105151
228.05518096630456
211.23424114247456
30.810814767406548
126.64296639547652
205.24738188750754
232.74800979149276
80.0113943556845
201.76859834753373
85.45863557192064
215.16099432782318
211.9039408537046
48.717565271878115
7.644805959823238
29.059255650210005
324.1838365310036
268.36676246480755
31.25404635835439
317.81882506512665
270.0780954336465
248.01139178819696
234.49235930012867
22.908037503003257
56.49195975300633
149.53363039757681
51.379875467937566
6.209493089063689
359.6332357313536
95.80259023645327
175.05978138308345
336.0133992411902
4.658640740141244
195.57034681775664
213.29889698833736
243.37280255687898
319.98775198922795
77.79311915157605
81.84492778442261
66.80062543265652
222.28207316506987
288.22048394061034
302.28241418689765
45.8271301633801
234.68792168419918
74.25985777696972
213.25571028875984
237.72580575781666
228.7936809337875
228.5372062285547
287.4039537535985
316.7545565309137
149.85339133457032
337.2393955979749
71.07961625961904
251.54814260890913
295.18020774469767
66.23723609062844
9.898667376116425
243.83695206484705
67.21492862616333
216.15275856839546
230.39705704119302
210.45627056522582
355.6261968225929
146.94792583531958
176.5447205913356
100.64908549203031
336.9006996564031
213.2763645472957
249.5948662398652
301.9548309758881
315.23315116544995
23.75359227184838
350.7229233766716
260.51521087891643
145.12738644468277
80.46533014300006
278.1360769555865
65.41757304497817
213.9716230677105
149.44748090841026
163.81077245498886
1.7352254866959704
161.95225735057173
158.53559046066547
29.742355137533224
83.21314686657632
237.0223918297124
275.8954759093392
339.56728584029804
133.08670673862696
24.242583332270307
290.7108654374618
38.64526373169158
90.30995368182889
291.66314203169236
96.91795762841316
214.16478082254974
238.509137915848
139.0185904709346
91.54084574883395
126.56259800213408
186.26625903873256
40.85672886238308
201.09587291829095
44.52383376163421
149.87641359792437
102.32612443434468
122.69684386439157
178.05611421512972
43.511754418755224
13.697413376325374
50.90748172411001
287.6078062410876
226.76406589265684
158.7954882086499
17.05109280006095
131.9268035549565
95.82690980364002
182.8711729453817
234.60186393669684
203.33299624361015
152.1173266112846
337.04238469064524
122.44604275119671
146.30405760043766
140.9263376152285
49.286558291469156
127.21546494099746
23.750823038777767
2.7263028188609395
266.067578355225
6.559781826897906
185.08493355746063
241.05240053108113
44.03204948008488
187.13801864503682
221.15823050887653
243.41458744602915
247.81119417942355
214.2739552101077
163.3797073261683
255.48529701977571
187.81644395244845
204.6340057256081
137.79251643756558
263.8474295060616
291.0181312450295
78.95034383245846
79.6200969416668
188.87594561155896
318.04836576849465
28.725929549612097
129.7669468308833
206.86584192977966
21.570769375457086
319.022404468798
11.986293504968874
29.30784542184332
163.71116896426665
28.845645291308827
307.9033011044955
127.25279570209841
314.4451270459891
161.3079833023299
306.8091150877909
359.9941883456707
158.18949853952887
77.66005957311825
208.11764551589243
329.83783807967853
22.446925190602776
62.44947536100404
216.60344486780457
78.5164943179504
10.203806119030183
251.47729935757337
214.01561210367632
345.84628089122066
346.8835729874156
309.8876821092273
175.3893735841126
247.51099946003978
63.00898456150431
54.63981493955815
244.353332991149
216.39932083976495
325.328506106082
273.7756100912292
28.957081505725185
150.70900145225045
122.01342660646412
264.31044334678944
308.02042801574765
282.07125658399485
121.63405711392667
291.23845486352633
27.731914871524594
158.23754483876067
240.97472815926625
62.05787822221306
59.201160672821715
87.41010282710057
93.34906053637934
334.3860318882841
319.8957107699575
175.0865191762765
126.92833325787625
208.6476127294083
335.3700718224001
339.3278278810084
261.69757343417416
143.4839013072273
172.42080664147875
176.64857687280335
34.00532254634654
68.44479350804374
30.778369762192817
68.2664478793051
219.27479329347125
196.68939730592805
37.672839333958606
65.2380214119306
346.295575243213
139.83507636035938
108.08723322956133
311.04631407723537
320.61658896008123
97.75893505194526
313.2386921100145
131.49496283842308
19.9126915022439
238.0698009963135
0.8044212706906828
164.3026842550214
50.79876128266824
53.132658395149114
92.63573476961511
254.5809850778366
264.4166932592352
126.94179277729842
189.18024729796306
307.4170139046172
357.2223553187962
39.802836182421665
14.55868578261914
25.072528088635885
133.7509897040192
125.69789152713341
342.2194105154995
23.849050169520062
259.7412882901889
355.37220716772634
88.32036229400123
264.4583179324298
306.8497139842779
27.59463604964543
148.46464279213632
119.77614544228791
104.28845689073825
131.70848020406214
23.14243500191594
25.147050443010883
108.07170002139857
156.5031641884095
328.2087312170283
108.94582799183215
155.1566873753637
203.60129966886458
318.9526388437743
164.89151942273725
267.61741793947436
197.96981339434993
329.79089855702597
82.6481243091955
231.0906518001224
253.82789622041378
306.3444840708399
199.53560157703663
252.08502701711785
171.13839848829397
102.63398115161314
133.7136839549309
60.34616480364443
46.03367114600518
213.35588377780212
67.99012013640348
325.3218405233098
77.94062207987994
109.67851252837696
13.4440379820397
119.87291724506696
246.83400145466834
26.722847073985516
173.3440878895666
229.72749813961025
255.96085986860436
311.87011204166004
350.3802911630239
293.7770530419153
228.54343619112746
245.26453862766465
354.0173381661526
148.16499817287686
231.38136591043042
27.356262677486242
9.816361836081215
256.21977158692715
53.938638179015115
353.0558940032787
328.86102571706
336.635893307444
78.41443243652523
298.0488531875292
102.96318493398424
173.90820920135593
254.4612228945697
290.04414784940445
290.11201407749553
227.87593352914988
101.6275519897569
46.20872694554584
44.66996787079226
53.33483833013719
303.2668406322
207.76539193763966
48.107623314262014
56.02731244866919
147.56789920658898
73.70836324360661
308.60888534563765
107.92171572051595
14.526597336759576
7.817565707806851
261.66678961096443
222.54392135594424
302.09238654009744
246.62911312954833
338.8293590651239
290.2256600391881
270.3873346074995
250.74591317115093
18.0440489019179
193.48560361842195
139.8095441965218
137.84911818519004
326.5882467527713
104.36083769104748
286.9966684472837
352.9974456196011
236.36250061457528
248.35800419173006
262.03945444119546
170.2782351050049
171.36213740901704
263.7947648749504
240.9993367663357
159.600376937544
138.43199475208962
130.65393980027437
229.6979878640567
33.39611325025113
194.94805841474408
289.6741965929609
167.91097783744812
270.2249556291916
40.8588995415064
260.2527423993123
47.51166027348411
235.7498365511522
347.5587726663818
274.8369777037144
173.77553297812565
186.2819151678466
52.353497077941135
97.83374019258778
205.9692478380871
146.0672206057414
134.818957924507
8.666211401375264
251.5126826529569
276.71472269912914
190.141543898243
221.4601866600038
57.41648182740486
5.642109292733615
144.5685565345592
267.94297309673937
243.36138857228005
330.14197913270937
319.38593394392944
5.48977236511953
152.7000812705504
84.64789853970063
22.379461637774533
8.85378292488097
220.82592684055737
151.0060996926373
209.52497670701112
161.9681560607714
214.76735637085477
325.03548404241695
74.6918521708328
205.30912118228207
203.53061615876433
187.38467892278683
91.43336481115276
54.66153452761723
355.62757394032354
302.67204564907314
88.47639909871225
328.72925087981605
28.389462519458863
268.1206021622802
29.312169478202456
305.8847332614572
273.0814544846197
151.37664794629535
206.3285934884385
194.45353247279058
270.49699681848045
16.92735308496177
111.21407492519509
66.28088840610049
253.62495196925045
301.5092065533263
145.90147519461186
189.9295620096462
167.1465777839146
281.12562491534163
312.1101606375638
7.70904379730061
337.93358665593746
135.7688345300241
342.5829886245185
189.8383472648151
106.38235349779404
322.6674730205658
53.404354050766365
229.395929315786
215.33366174785377
74.85795479028486
44.32417193406595
73.31172703351233
131.49121560197923
9.104441038123671
92.80200474313958
357.50817735968326
343.66643843144743
175.6683726345485
77.52454291500787
168.39835812453444
42.84086167962777
132.1556648866656
108.43857660836406
208.30111220611843
200.95173148177665
294.64557359358804
92.88082086947436
38.93449936871833
288.4703830521752
191.5324055951043
191.17495470790575
195.00054341587915
105.25699733686888
118.98745410828819
350.1052753126284
238.97577502205732
44.839506894281534
271.67512526794286
148.96545714913248
28.5736363601163
169.17830438838413
338.3339084879438
190.41998832096021
229.94631049587775
139.1427677495886
49.059436422596754
337.20485288821357
112.54528834075785
125.33928689839414
199.60317121774807
195.73319530321743
145.661312822503
194.59490632890984
297.7271543516406
258.9606394182509
42.01605924373388
249.31450715827523
97.63159286785776
3.4040741599616897
140.37948610659947
350.0936660675466
110.69869959726786
268.9968356441954
227.038109336566
96.38330315964555
304.2727781790036
35.50207518910655
145.0414911632912
355.66631482765183
64.92306141543081
285.4954822141917
150.5052065604642
138.5205115246266
348.61243466532477
11.467201936561535
66.85064379197931
95.10609709105168
47.42164710101029
303.3822360371446
180.71321033093284
318.0302153850037
50.95527068737536
163.07739167572814
197.35220840844912
277.20487697322153
350.28220927602
33.16209837023766
268.7472363541055
64.22886136001219
63.24004189054286
0.6292796511478027
244.16742515781146
326.98821227254336
332.15915723673123
119.1717731767669
110.85159028993772
89.58385508918784
218.53913055937937
9.238595011780934
171.53857626889015
318.35914938984
193.9363934997512
281.15466026930244
45.93907441862126
251.71406798290732
202.29877555854958
224.16641087841086
4.841398751769663
199.5569176415073
346.2090755202576
253.06496652749615
248.39550569590932
97.6583619648467
307.9763776440309
164.07757425471252
164.22094266902099
92.83686912762707
136.24042494695874
123.00695848101097
186.3360305782543
156.81843344074255
129.73088784470033
11.137465806835722
22.50727595963571
139.7778024452477
312.04990123850155
8.215820771427605
45.46926544028739
338.98221469592625
334.8228351261856
136.85341253883522
32.56721819466466
253.62299226833468
11.28897197646796
168.9861840167388
148.725652164283
163.8341205449696
148.37992325305234
122.56698117285792
259.2483352644244
230.06122669932657
32.56074037329187
235.45473026589752
251.8061998812156
238.35835429603185
193.18469137039904
313.5033652908494
121.07147661800055
37.85392496836084
116.83965426361002
271.14298516458314
324.80787101481025
168.54149916243927
257.1403801154435
35.28423620376944
276.8281165592113
200.7147849066012
16.647575852842635
7.166664786516179
200.08191940085348
61.780708425820464
11.071253699151073
11.81009626149121
122.23872489336969
111.84807300286612
180.64242310047115
231.01776403554723
236.48136621352327
266.4037070722834
349.5136511967309
53.41863599761601
291.82837210261937
132.55188040616576
131.27570224494534
323.82560705135535
200.15384905136128
204.70685115073232
237.15399871158795
94.22514723342407
211.17597405218686
96.29257301833512
263.1751021145511
70.00323159640206
132.03620962264915
125.91750853678126
233.57011197794526
147.55131919160613
274.69321779057395
249.6566544332191
279.90844559129
273.185201793155
222.20692395457158
335.4869885759003
198.93184672313845
238.34870309618123
314.0895922214971
311.58635837949487
176.7852627494179
42.363207778179735
41.2527217904637
107.12033525122126
13.317611427219767
21.52301405891371
152.67963763024096
342.3051384616155
47.352160336288065
222.12568343477488
88.8056251633503
13.949138929996362
352.3027112879751
45.06556913967949
210.68881906676964
3.3393906314237
121.23833526562467
210.9076478848357
69.40662138183188
345.25366255867334
291.4760621688733
226.89814035166452
216.71410269954535
80.04260032480059
11.007420201918269
341.15707432126305
275.85224601407833
245.14059561091204
122.54125674909545
204.3373900706038
290.4956052736809
148.02817727625518
195.67192039317135
125.32398381497731
310.18037425446545
139.58255195050293
213.65839558934073
185.08520785207836
112.15554867329045
34.91724236546279
218.52650761474627
41.57857572448077
262.45135410153637
28.225659782228306
156.68293623566623
298.65116707805146
263.06068855598744
218.80757854668659
46.9564008772455
223.1646111174907
197.48085215146685
347.37149664528744
13.957686078692726
137.11338020352443
193.46458048763657
354.8700558126439
331.87712390105713
305.29426159085347
9.680585668852402
320.5395432787407
167.31431815425833
264.1239576134491
322.0858659563545
251.47875565479646
274.46180195527
93.49075523325006
356.1631964040074
323.01649782649025
321.94058656482224
1.0653676362408726
22.778858545385127
147.2809789078031
177.81237657648964
87.28500261260321
68.26759270450862
116.79861080020835
107.76955365247592
289.26388931298317
263.4526153260543
110.61351532602671
11.230855167705158
263.1724782063077
291.66091078402195
22.33339567877517
211.04697073414647
357.1665225238939
312.3948568989089
272.67129172461
164.74697667494772
290.73662330467346
135.17336536975503
303.46682996508457
178.73320231391057
51.38739954964744
337.1568701822745
95.83476362196559
221.5583808375922
125.84497875047784
18.522309570742678
252.0024579051687
288.3958329007954
340.53021555503824
211.15573860087184
8.56223427142124
306.0397239008491
14.824353778151526
199.08167494657408
348.2784694573645
206.24924710525153
350.69269256827937
53.150079371281024
188.25331849736952
294.9768416973433
113.52117762468754
47.85308211447017
164.16919085635436
205.9974642997503
181.55944692192588
194.74557621050434
3.4899417537563737
189.68223400715962
15.153471604038891
134.79485456512623
244.91705867759498
11.136397817287204
121.9895027164841
161.08654349080516
277.06091211225555
356.64822054869035
10.860456888853314
273.66519652093024
96.20144569174133
133.37187093521428
294.00467375119945
299.88979675602894
181.17654947527674
74.39388425933079
236.85624910235566
86.53579701127062
332.8505740293292
229.80959985131688
164.08506989412953
63.9769985673587
106.27942849661876
114.16212271406125
72.09376493479513
98.13203248564625
215.60271496615647
251.5733981154988
330.67796374704056
2.4618645642808623
334.857604169928
52.123070862456444
240.34512290810093
20.156193754042523
252.32294571834194
166.50783149945258
86.82636209013023
205.74836383999553
201.66648653834255
180.74008986833618
80.60487539767558
335.74973523170047
190.0817564348193
248.62165555174073
186.8233436185307
279.496204639733
351.76570398118366
336.9546361945711
179.7221099539487
64.251050061804
94.5017053566008
56.9281387568409
175.79861206174505
252.70986554503304
357.7771349421191
294.84620839946507
131.16796356271465
236.40485224169154
62.778375097432196
76.33869205847907
251.1433986176146
115.10741755489619
247.77038049943602
340.42361873200343
353.844488645144
20.179446702769397
326.78194871458066
3.2659049835937104
74.67998844838513
88.9253355360565
185.1819246980718
16.20395597155627
74.84139029661009
247.3482340084251
352.645532460553
348.59236889412
4.482141963128439
230.31569733919758
192.1742523618326
313.23523715388745
230.04671035788112
20.991524090024004
313.24658948203853
80.66140101398278
225.25262394328004
205.49177861652282
97.84115252998492
278.2193211591534
326.5177551944707
254.07511565585764
119.98767841209974
40.94605244069572
186.16413001101276
176.7785462436523
342.6654316390955
333.39106839269635
0.518592223135208
359.2617183753351
290.2827618801723
355.05255402209053
125.06983690825214
223.72415762299119
40.635385293711714
216.81011300422205
255.13020016679957
320.11154840946244
17.155313754613285
311.71450015909426
67.98981512408187
134.4286925040132
310.4261266829341
60.721540330204455
171.33972950514038
303.8283165469807
137.35453573991316
272.43399147030516
62.77961885124286
52.246495500715206
97.05220363495174
255.64157046641375
96.51493932664617
145.70696365708633
64.39583972366776
224.426028332656
95.88717111006811
33.01826742878808
235.39756749787537
157.824666719234
84.17016780764924
45.43916155242927
162.93190381321537
119.5223199075269
31.104379719963564
257.9891844010267
277.02928024138646
107.76821007580261
88.93007686773468
305.4331083169003
250.86061134294957
31.690910637167487
359.2195402659686
137.56929813851295
51.70114903135931
157.41100019130562
230.59733779018256
191.30366033178143
125.57594744002944
55.827657392546385
317.476921507372
31.092520575973502
24.95357006582423
153.68191447030134
251.23065660717862
44.689139617931815
180.76830995099215
320.4760477703869
107.7497368974127
37.730330883860525
3.2157896998911983
156.05485431216394
259.139217525553
68.55105989325992
270.1803173636176
137.13141686038782
352.3326804021099
123.71655358310981
147.8168780590472
255.76630741531133
263.69995123941
95.11299999258378
104.72447664923457
78.78588400121973
296.26043681734825
181.03941829476716
69.31162048623814
34.35178127413253
54.9037573673785
56.59492437551978
239.3689089948053
70.37033774940694
315.0582240728551
142.75713982986898
143.5276247043565
149.15730533503634
351.53701007678507
248.89907476335011
276.19737028615435
343.74954113424616
336.83077503998646
10.093296216992709
280.7398463573379
343.48227572100035
111.90456464537746
208.40389088084152
0.049858188994269526
319.926779300189
277.59595312461977
96.46823532623579
109.37883885811398
149.009976783702
111.00047332349392
152.02201192432153
253.15004537132282
291.11422085157113
38.769191903139166
83.62280109808465
305.6788953379076
358.1817878539177
298.0327972264744
20.678701396997816
85.12572610769321
65.32523529311237
305.7051327908152
254.9905000653619
210.67243958708926
194.17166962354597
138.20859119196734
256.3669320052482
124.82866333042725
346.1449210295502
76.20257321650324
81.4745896135538
285.9368203710356
316.1168768391346
72.68539736995702
252.93540083722428
250.35993485537534
110.33513727980137
257.879101975172
224.78608260388262
49.49977213389348
287.2613120322625
160.5955631967672
230.76570883528646
243.70710952090462
255.93026486471538
83.32157446532116
73.49907738478191
223.30991909703846
103.66773250534823
337.04945398217336
135.49489163513434
326.39951021805064
123.47987925324503
181.91875888524703
296.97967871925056
273.6783416841112
351.1550455902343
331.02404474004794
50.939677940228215
2.587773851107915
223.09471907642947
317.2822819553327
192.34459947087035
256.0976654278995
328.1169124447439
257.0428944364447
226.37864372890178
205.95400007531228
109.95208253204353
49.16230984647433
209.60588291954917
125.84483344802804
41.87803756163733
104.55397923892009
348.34847484801287
156.85868007542769
240.91696783408412
228.7640150977589
330.1578757829095
205.77380539579255
196.2442381913425
38.91143890296889
297.11072891387965
226.1307267361883
174.93516791400785
86.37124642804042
183.76272283521683
112.70443246799859
137.90260916207794
277.8676350953104
37.945166917271706
231.9067894217829
329.85459529475617
240.18349782208495
39.19068754335308
13.813791619276694
299.32807846441904
117.48171794698061
347.42605349983086
325.92617739754064
198.33110367087136
85.27258574930306
93.6714703699965
254.4362473501968
285.85254302010316
91.35089847029006
44.83761163367839
195.68756706437802
55.47498287400606
71.5651711288758
256.3128318457224
168.67839277241274
44.552818311316294
177.0707545608449
248.88486705683297
318.8737714416138
320.89446081235485
29.75736592012534
190.64272692890248
214.2551892901301
122.61373344733413
13.83081918066194
349.8561352514227
96.45085167486216
27.79244538970026
274.0678264906279
191.4312872594168
142.95360948504273
352.8225436539542
345.0516040999894
357.3935070167206
20.847771220549664
261.7726871066875
60.7353510175725
320.9487317612328
48.12990137835527
353.8509622582919
309.9694392221056
254.027362800638
5.622901988066458
162.0116945917542
311.16747158776053
359.815673628107
60.646808161334995
282.98102975193024
58.07528355091699
34.63141936320226
133.0235214002887
167.45263472630057
318.64606093395855
337.6019068296719
314.6570466404337
8.931065678607988
250.31379931272917
241.95435771111545
85.84473571730699
280.6774235477023
207.4964310619547
58.32994973532494
14.639107585311839
2.437987984659462
180.94893916932847
18.384393719842983
99.99386934236385
292.1133442009038
123.62596784591132
86.03969989629171
285.0918662982275
132.25222680292882
304.0022709785232
224.10300936149693
244.16672595053643
357.2302988804597
185.33870642672176
265.57030860411277
94.29403172440546
204.20147707523753
278.1703034503251
181.7840691623027
323.04189795182697
49.38511418224281
273.3320121903693
223.71562658371695
193.53489828196786
50.979584039351444
294.1270827524755
97.99463904964797
270.399404065373
220.96903631098434
268.78160854624593
265.90941258781
223.22239922674237
310.3166960149577
218.11830463803247
61.45367588611295
268.56987174957584
215.51471486346
358.42131744810536
93.59660528877048
147.27501424342688
79.18710457842155
175.75313972907995
288.3048968038537
280.620557675904
343.41886795987654
35.52358489843983
57.44682609490021
347.20346302320155
321.7108877853701
169.90007285566548
174.5600636919633
211.68443103779748
183.93697840524334
275.6872029765094
31.566496435700987
197.28870265054962
38.40565046704926
16.59304796134181
285.8688873440307
205.8385619204572
286.1061680557316
136.33836232161852
83.86567545221718
72.26230271645568
14.444614052159942
252.8540397664159
344.7719287756001
314.93807439166443
171.25257056750485
358.8513795566448
7.735950675145
308.8955523659933
254.57733116465866
80.33843757759557
45.59253860400008
305.8119521369663
29.73938993615978
2.195273816550345
270.1956190549895
92.9034670747858
342.3691943007474
18.709408032690938
257.1243326996525
102.22683559996713
274.6119998729781
307.0124751760715
181.65842387174484
52.570046680143065
171.41609698401734
112.64750683407316
103.27022086144781
8.025240608140027
44.79619364206676
199.03591156096235
342.4820285619899
190.50088540613316
26.190419384181737
106.40181086569888
261.7894411277435
307.84424356758115
160.5059367223782
330.7507542547782
311.4525546816812
354.90956855687074
160.1745975566275
169.78880051426833
231.30864597987312
291.8210390672423
283.51686871134774
250.20696934384063
171.3614160045074
101.8439592994903
108.93855825879116
129.54522872060744
86.75352791843784
80.69154103988662
284.9617110328823
15.88910273386639
356.83066600351754
289.7586787828442
225.81725972512544
289.94127363706804
53.356974342879965
77.68833407856913
73.3039851167684
26.54934147475054
319.5431470422762
197.8400305348897
97.84455330143693
176.56017118390105
319.4002365324008
163.64413264484276
145.14612519259094
124.91026561594049
296.033634383377
249.4896267872516
109.59965728233222
267.1506002405155
357.84320190045594
121.70711645829866
171.5283340388412
204.1434862148048
93.19734648904694
352.37295425887936
272.6224819924338
343.45810527747534
357.0000799773044
348.0742917570143
222.37446163156375
316.0303450038324
56.67191011552143
156.43910754298636
248.0540679508047
67.94171383016035
250.41678709410294
195.1491796632925
321.7410377742904
169.71107250474103
117.24913290045946
61.3180215065058
260.1583091040172
279.28212213284
206.1061819726898
23.530096679252917
236.52580034441797
159.92851304010583
100.4728516530826
94.50130478242713
168.3813597599642
350.58758753862264
45.297525707446965
169.23520784725355
51.29197630160233
33.67278929070504
254.5790132450493
351.7131210992348
175.60483015262415
4.203855446477132
190.85629420350372
202.57067392609298
11.864504207411247
34.13301753140336
321.93430727371987
300.87714274375224
260.2490753925612
27.034315687177724
355.5306763245359
145.0481079866876
10.354463448435194
90.86248642690565
249.1296012731379
101.08608459242028
189.88289462788515
20.276675856234156
190.1810118782466
0.7576171806218923
254.26803570475928
275.063413202409
320.8843876738155
337.97978668092304
263.9957547336115
47.482392143211136
82.14833371361578
168.60260485213112
72.35613242775312
68.8975586422455
32.91854424861852
266.9383617938179
143.58890095170008
174.84509418352775
23.918345842065
351.80271335306503
179.8610058224545
207.72903735489135
148.94757701270333
145.49644846372613
55.24156267702863
267.6242578931863
322.23706891185014
71.07103176942103
135.81610316232823
144.20548405802904
236.95771437002804
6.384932975826851
107.30848538333645
336.6104245033285
87.83440179934999
17.871887228189006
95.05539878319597
113.08378089379701
269.916997334508
272.60637656846853
25.90510685496588
18.538115148916226
335.91180114226313
334.16545396366456
207.58839652889299
305.7067667021867
206.0786568342764
345.9503799973995
268.3365148411201
184.352768732735
257.55042145569706
275.04541566349394
107.99716842368976
193.03701792773552
194.03302753327222
30.355129701059074
161.62655526043656
39.237957025168086
152.19590960953516
200.6759662355789
307.5115767464805
46.15400138806842
177.6642650387354
101.52137114547429
323.8032843989842
88.30910011478818
121.37603805773284
93.93436574064148
191.41898359097019
313.1208897451134
286.1680756956949
224.1851045481772
155.5969813435694
191.87988520824362
273.80762540778574
50.1652963984415
14.464672870922772
1.127246030228659
244.2867338836581
68.45521905538729
0.2070294284466767
24.20776478039908
2.048738284180698
355.45331856092645
336.89927007923893
342.8137849155856
87.91765234297603
206.62228815223017
18.793933899290476
339.62464319589276
100.8526579427898
299.81962059833546
353.8293337979556
315.6856236131416
240.25172948412083
181.8448308931361
159.35261022893798
299.9591197564433
67.37967264524355
1.749327722819749
260.5274981452501
193.5200450211233
173.59770970305198
230.11927514323324
286.6233202593287
247.15642679936667
293.4230800085095
250.45565757291612
286.3582355503909
238.67521550365373
12.048853075550113
266.9398335405643
350.69646838821274
315.00244957710015
229.8056024957914
142.28709907053923
279.97570755561384
94.2059845295961
160.1481692291587
280.0545686030765
201.96746063146705
123.85792094564017
253.10243128480556
297.6839694290545
218.44973280273152
204.69312540776784
252.70832669319017
239.72394620311118
190.0979058348169
212.30916954506358
294.84719555686615
95.0904587688715
302.9763050347371
204.69211484029825
250.9427634285471
247.88803313393677
174.639466471954
189.6416083773558
263.37710194713554
128.22857890992765
113.82877878310823
103.70788295092711
120.06390867213908
297.6486567665154
64.97650687460597
203.0422217653086
178.47349023749894
303.140080199948
347.20607778701043
106.60162346339072
13.505087395199142
184.47273884743575
57.24384364934062
163.43732074619092
188.95398297719487
281.4027770877327
306.63408404824054
38.336028631466704
98.9221006587599
200.52309193190294
265.87587219048237
263.87176855756616
13.372676278336964
65.92738653349377
251.57651160613966
151.9651271087222
331.13092173735146
93.52291464259959
257.4432801666091
294.3360186886027
313.9843268481099
55.74120463050316
155.9115060847938
148.77499011780293
207.1376005359144
341.56016964215735
164.43359238570855
26.947094734607596
324.12908711092695
346.16482477180887
198.93025532129008
169.48162626438534
68.41678666669179
165.23824412480272
106.6318196072681
155.38986793917584
179.19384808848324
220.78819323198255
121.51373679235826
45.392177469716096
205.5949610288835
108.57898283760063
137.7574691174235
122.52480725923722
291.3064548946277
311.6522564596241
70.14399711873531
28.435798057667903
230.6947621179454
190.08440492396306
145.01414403788692
60.06851760425881
277.91915760260656
274.0423377002573
241.40617251306236
188.97036970337118
192.09655323370816
195.36344940970167
299.20797577373423
114.25324376709456
44.437398726851605
32.29969841101707
329.63741746288486
80.27141550388762
317.3735551233878
132.72978435676322
223.09120508367025
241.37165837994795
311.0503295811646
143.0573228450285
230.37911412931618
358.60930418717805
319.1567411906359
43.177198848513704
175.58700865635495
47.113140917238695
323.919191624189
152.30628738956372
302.28851634188976
217.82114258854753
9.18580103123916
246.1385457764833
79.5520502911603
133.59782048128667
300.87983971903276
32.69899711689627
300.16614434377084
67.2835305592992
175.7023399223148
312.4347250881397
230.73280260496918
28.01458134597667
51.81575531244411
157.49543387300892
141.7551297654058
252.19246110179304
249.3416602587484
185.8198551736058
55.57194938421735
96.76940323605056
63.85762529473023
37.55873323179229
0.9688028408999072
25.056553306685547
172.67929524592938
124.52878141034421
15.521212228991823
179.0501307110392
271.56590696546266
97.8063392460414
190.20272402741
347.3099786706079
298.5885898805594
184.23343164194188
325.5166997138733
3.7140194915992053
102.2525165569665
59.52297117440803
304.3874815461413
149.9511852215795
72.56559340590411
53.813987902012975
324.2731414878001
63.40430698318118
236.59789812588832
184.94165916224327
69.43841140768315
252.11384172122138
304.1774375738576
145.35130637529204
264.0532262370459
269.80199658446224
134.71983288818748
210.49908573769707
107.7585963089889
66.47611441769376
242.79051586216286
249.74677216586582
177.5682798697659
283.91920764162126
227.85009828635015
245.17149278321804
203.45125973159983
30.41453500367245
202.734737220889
79.37582506335774
289.6664840707404
105.34019748740992
125.77528053778093
80.2974203481197
299.89797868364434
111.80883242756211
53.060021975013896
349.18147430525477
331.4650620216098
314.316474481324
120.19805648326654
287.2935235513112
192.35879654649364
308.4038235975117
177.04130541058663
257.6139392844578
244.5824678204811
10.62207362111013
34.175058047625456
289.6696615202153
88.2505655912912
149.63470612213143
76.58844465908246
278.8227744333795
173.12692861213796
303.07544314621157
357.7877290087535
205.7495663057793
337.75980715633057
59.82200101338939
326.7170074110625
187.50769838215137
251.09763077259078
53.6339573769996
260.202257882881
28.503379596916737
167.4462500713308
331.64233560967364
355.2364641375736
327.83430054984166
62.85472481561279
189.96757126561923
118.27498857562378
238.89819619511783
19.493370188301697
28.781392428559947
92.81186695655074
187.82104106750228
264.3144269539541
230.41759703357786
91.85945966186875
119.17291548361142
309.2621157449287
26.6752007962253
308.55527664838604
310.6035535771994
302.52548049577666
275.24710496086124
45.97136397350738
202.4437356530751
303.80413873796147
90.24607282316639
136.30334014079716
343.9827875052494
301.2832094114488
208.0889796636772
89.96765177770071
265.04638002376316
193.99076263008845
137.53946517931465
106.7370251573025
159.6630020360242
150.43737628927138
181.49804004829443
13.896055813644734
198.02145191685716
162.9138751395397
88.16786170811301
10.499938489319373
263.58594185445435
86.55026208769632
70.51337497748366
312.17130170365425
24.149069105715483
63.215054219962546
345.4681487694866
87.47148939604682
328.76753143088365
302.5609304571703
348.1372357818031
14.734182764800895
96.9390428715853
165.99921522154511
11.278543482554104
87.35097322276916
172.04317383538387
94.1122093741531
86.63661351235359
315.84980833447685
87.98296458896583
293.9889344550185
102.24144215186126
196.70904327183604
26.128052545991103
20.19648965310256
118.57388766479912
40.70128242018097
139.07427442834535
141.5757398317224
46.538380476225086
357.6626594280002
288.3986107508687
205.77658071819315
41.472666224651476
39.93504400283776
85.50264023278457
74.42465522960553
309.9633628534002
353.3298447797089
297.8014161720191
244.03796191716225
160.02518498815064
212.3140641131382
306.9289920591784
351.28821683870314
330.2408355281357
245.22044334418158
101.29583535598788
125.92863489033431
109.74741551303953
305.6352892605452
292.2472856308136
40.68615962306532
108.49455285020608
117.71923427775106
261.23651892908754
274.642767755721
35.98822551368356
256.0674109994651
94.83933750984392
235.1071557674279
216.7735443347609
334.8175125308216
245.10217808897494
292.70450560241517
212.19872764378817
236.06535925885365
224.62904395290312
55.38872546153855
110.54146666029244
4.249483282293562
348.97673161416935
79.30807099795193
111.36819534988237
311.0176448173137
293.34211972838426
307.9316026486965
125.03558316528313
74.18968471895998
316.18920978603177
225.57051022639092
194.5327219719564
54.78293513890541
59.3776286254687
227.40489871476612
24.40166302546064
297.66769798182725
142.51852937350776
125.35323846709294
50.26281670199961
4.271991633936647
128.69763237027405
187.59814557854727
22.510927337733108
269.85640444241807
9.369523392946611
249.30874767757152
289.03635765784725
83.23124795380299
18.141114344217794
313.0766335794058
204.36546572097498
73.38999816903839
336.3263746620162
359.80858479283944
206.4029696192582
295.38436927865547
17.5685128665913
134.29620877152632
126.99819969776426
116.86808616570909
154.4897537115456
294.4089720512578
238.84620645049708
77.08790859221791
57.24303384748693
198.83372239734342
108.77380305619698
201.70200109526505
12.003887858378395
315.5103031231322
326.2496728115688
349.6573864914854
36.8550158822655
161.38958951029431
45.99666350250635
102.45970466687558
233.1798378631859
273.8666588642954
144.8735000510955
161.5200634115397
42.595691937292415
205.21843226052025
325.7323092146577
75.86546272587806
202.62120092969667
163.60173998567294
64.74721164125027
60.35057792729966
48.6864195324545
137.64426213145092
133.74843020519978
163.61056025560953
115.75852988033692
56.387357778861755
335.3854440097098
305.3457709744139
229.76978526099177
312.31640999308195
66.4817223022855
124.13125074017252
247.19863630276657
12.440807769072993
53.73259299775647
119.79491524866644
220.5687601583092
340.8623551702625
205.93698138234373
118.51036098373419
78.2951667440393
295.9972969397706
78.24275792217753
314.1016025708778
69.2201856964782
286.59385819306016
26.424453039965748
205.65851784752857
75.34656342048191
152.91374671814705
103.00120099158666
179.41354870980686
320.68878032713786
122.92249210113185
112.04188946837091
31.931560157239108
359.82771537154173
338.0602147854104
355.7934821603039
162.0165496745735
196.66804022682192
169.14094746486796
353.8074662575096
190.34014247506613
322.06158050486584
270.1550889218571
114.02872588702223
318.6488301936441
128.3741195612693
266.22628914371745
185.34980971749198
334.50790355231624
79.73699594796308
221.70047565870834
82.42301090222728
122.89212299805068
228.63910952029738
225.32144606714738
26.06140813380726
22.534428780167236
92.67888473406865
321.67385916262276
286.34934749822696
242.7955560111372
59.709798757586995
211.551152291778
310.6216870663202
75.91922656853113
15.277234487895104
118.63239679847472
344.7603916960889
159.88877993981853
103.15834253358621
175.82865012444714
333.7959282211941
168.70302039031225
117.98091398181128
21.886063588969662
76.59014354441152
349.7404589671983
28.310899055999062
57.30931723835493
309.4162985966828
331.9825469166838
59.262797105448314
268.3958537663545
284.54091033246976
194.21846852863536
105.60069518478454
49.14755271192446
52.4513223178533
108.95513784079961
319.46223597939354
353.0534045207087
50.1617739260333
165.60796310423822
321.2515290341611
310.2131134218283
23.069930432941664
345.64936432846054
177.91125351423779
149.99812944066755
284.124834961771
352.7435909546536
119.6982226005121
315.423206215517
121.60639158210313
92.49795463792748
244.75070904014856
82.62825625536307
325.6054060533151
89.31219844113154
350.1500185376436
287.34651388365455
353.33240633275494
261.90923434310247
8.842600778141087
309.9619824372576
34.67250452895946
294.48207286896655
83.70339933957152
41.73544158233465
11.94253666403287
216.99334529982085
33.1848687487894
67.00488846479844
111.59586245161871
146.0152408388845
137.41039010751592
29.642903882559306
40.65930435652848
196.59955984470264
159.23480556315934
186.78004492791848
306.9756193686011
316.01877180374004
31.7087239195458
88.77972720234186
359.86413781645774
251.82078275155686
291.5475379334399
41.67690767775616
316.60110061424336
249.4916225905579
37.6200570433748
146.7691299559944
240.1604554928731
139.12169422744495
344.13556028423085
31.77535405514074
324.9447741933172
95.82306646259812
260.12250840460126
8.954347129333584
169.77514320113173
25.2465647825913
339.95579134859037
317.8010214544425
51.19781320813698
353.39906813789275
314.103766877281
133.41577846688637
155.20465182042466
149.06321403170907
304.93030410896785
266.3682717530336
281.7532790732167
297.47279049601195
359.3009952115734
345.85381012830794
284.0119646319522
195.49920058731917
47.907009530286416
285.1669830960948
163.04342490004888
311.4555273342813
30.63383585615725
16.993691682303968
108.68068490543212
306.7265246657904
87.96649004285337
255.74949524922295
178.63719062224334
11.784309596016165
170.336675070512
75.16851368911628
340.43255469133214
345.7511639188629
40.48134637084158
21.573816131258855
304.50422026443056
346.52238555467864
118.29655909765992
116.73678307485241
351.9145239982733
237.5636355984853
223.33412223577997
278.95948815943353
206.3516150822446
297.8489108894209
327.0028463728206
166.99063350209175
197.6617805547275
343.0067902327403
94.70031805229073
148.61228371006018
152.93976638783602
148.59400353836764
357.51497076311006
174.21104724064185
111.24284055899341
190.5172471796193
183.80247499703202
35.37400762746423
329.2832806225538
322.9754590319652
42.85448296221607
129.526289357628
247.99305429018523
100.8964760707441
226.04174132635106
113.85361631751381
283.6436113943568
21.69343944308251
175.22774235297203
195.2298314890566
292.2427262259513
250.26806057562104
343.9131571334618
347.59598768483204
332.21928497776986
321.53923049051554
243.4852950335202
314.2139686942439
77.94615257768594
86.37711899422544
325.11084143288645
119.44447366599256
355.44020256570406
299.67447917431366
197.2244363838097
303.1754147018774
301.6176981048903
23.38835105327695
59.2293740893639
320.75362594416924
149.77219276732023
32.7370574415506
343.9410394656731
82.24915683316404
336.4813680053592
230.33881147782694
324.46765572069853
37.10817563556938
188.9380535602353
290.92985965480733
55.63693037429814
143.72674057584345
326.7399135943707
58.40175901411338
325.7414066635102
218.2047245883469
298.4613242464755
357.2487195951247
11.289135915357026
292.5152838699843
70.86986051432956
302.1177699882015
355.61067664425593
169.55216739351823
317.43914195546404
172.00579500482831
191.58714256853295
180.99347959223977
252.848667167209
139.74938192788593
39.42843236717013
153.64729906636785
71.45027572195104
132.80455980442957
332.3444840650798
210.92083533750798
150.22023849649298
127.9155394808529
356.116742182988
78.28173210401738
30.5046578134569
250.1227278491255
272.990954790485
25.056309742940655
77.9051235103686
35.66206792344209
75.97650435069382
179.63640353405978
155.9407494161565
88.6593422364163
246.55153298768877
181.14279025450355
356.66147951579245
193.1244223531261
26.93720318744252
337.8199700035186
290.17683236600885
294.6022869751367
167.51845849342467
90.91343478837233
205.10331116318537
359.93898882101865
250.65283005573502
152.50724545920994
133.22259890277843
118.97240942986852
304.0226106739422
156.7762873186498
44.18197339406358
288.5591667220653
39.8502576817379
196.33403579515573
179.85719818897618
197.20060959276384
50.71039794049207
288.83338028052935
353.03735251404504
127.63246310167543
138.33629326672613
273.70452233591806
41.38010352474045
135.09404972802744
248.73253249860144
34.8905058326229
25.124931742469503
340.59491134492936
355.06966401682155
322.667561942548
25.840940225223136
341.34780020795415
189.25083465629388
246.11402711791058
143.5249542953946
184.63899394514652
333.7042222438131
327.51801537688266
60.65456030743864
356.75812068332334
326.86938401889233
170.99084451180585
104.33998959494012
5.211373771321859
149.0095727002607
19.77944220658555
211.5076353813834
60.293678995999215
219.39616994218693
160.24789067900088
107.08712907278824
91.19662157784475
11.575395890623494
315.22443750141355
301.46302438808465
142.18090965875007
20.341652448921415
95.38731502514025
0.9910447411679879
85.94328977355971
252.20571561916734
244.58875280184768
184.1681151597423
124.15979553467157
260.5603028319003
303.49365358092604
46.084204054357116
159.2884585027756
327.4093335544214
145.6355383013782
155.0734205845039
217.0663040455255
145.44151637320752
290.96921732434566
238.0204125432229
195.73710137307435
357.3927568549996
14.2259855162406
354.56768467742575
75.89769985057255
84.05608710224529
78.85395474549003
335.50805016547764
183.95249612425943
157.9617745813326
2.0524418452015603
266.9357873867876
202.51711284670662
216.66445194965996
12.386029706281402
299.2691326210354
42.71389078063446
177.73797943382527
58.69052573862871
229.04553982256314
316.1533983590464
116.99306856345133
47.459410632712796
221.43054479968325
88.4977122717606
202.0964951481376
125.62622536654625
112.66987063072746
261.8527515212712
255.68504026701618
326.6345913925125
354.2536232080062
199.83858439027205
55.231139032879724
219.91437807666895
154.350412051723
117.03815294799367
141.33139802297492
267.35890887500483
137.10835675871752
143.62634819458196
141.75327729820816
195.1247897996442
356.708892509449
206.33306746531807
25.489085827308177
315.0524783843455
250.59852492641164
18.495386593776892
119.23063216491406
137.23213151822094
15.112523977102509
24.805454226416312
188.09208353753218
163.7161448076784
296.74388440256007
220.46247572683
203.0722259828474
283.1059658348906
93.59961125822903
199.78850193164305
189.661871809772
296.7176718350682
274.12580640224604
65.96944609796809
335.16586886976353
159.25716145412383
103.97174040848088
191.43427354384414
206.72338615209713
110.41238748475084
66.90251062417566
57.48683584718829
97.67423294235692
328.496820625983
311.95862591494506
2.156456959450894
176.83284447698244
13.254510892766431
256.60015049496633
266.8348486220579
183.3959384260343
142.16412488872908
24.362024820508495
215.11859109843616
129.62359784246752
223.05553150642945
95.586107593761
1.3778762138548606
204.09778322808754
105.57926975475684
81.08489665185834
171.92390218291777
130.27634853174266
235.04576639896766
91.13054335807627
48.24874017385051
308.2244742055926
274.3776817829643
125.95206445267016
309.66310625643905
151.81990930061576
143.3953729674698
178.96273494609986
241.75907082312398
129.39197293723447
229.38194349174682
40.228596013716334
7.476288573832126
282.6687647941086
48.85112243947581
35.228128021357925
309.1518303502138
197.07083300584415
147.6674559409726
252.74223302109203
22.785288333336354
325.8037028389521
355.14513366628967
245.75265747484997
159.85250838056635
230.8657354781657
57.47826175491975
50.51609526091772
327.3526537833246
96.00181148194706
86.83180557312315
261.5203412702134
193.37502085196724
349.7974413383071
214.64923275811884
303.81777034278514
83.32358276426503
11.521951230627003
171.20926307913692
319.2705723631931
131.03867696516514
157.99342388778047
228.19077945738755
189.5313191699243
109.40698613791324
226.65214052326814
356.9814878022634
196.12126676689172
6.652403294207083
118.19347765264888
52.692487707678275
266.75815473244535
357.35194700728636
241.5249397448024
132.3174564085043
357.1240969128178
201.32253886372243
354.47651584871335
295.201794197472
228.55325739640676
128.87588215858062
295.6071725739433
54.96346060279598
344.6582178246456
17.540398324301943
35.6147483391057
94.23404440053113
263.7028371509774
213.20057938685076
181.270222863996
357.0649343033447
148.5684926313557
137.70585534240197
220.46166402973225
278.5701653291512
292.44978528703916
95.35240908998618
203.8471358720916
257.35401832291484
305.954659805388
2.243231848817251
176.7798299289313
163.49810093446592
70.07311984681246
35.38293475477253
104.58281300128742
63.35900839096721
169.5176605469871
312.46572648669
314.9149656855062
192.15445974787463
2.227694898207857
268.666218037366
132.8834618150485
316.29215555673335
353.36926024633624
73.34460621229049
127.72245871740982
39.62240190974275
85.95036992685979
107.42897600674245
264.27167363703154
241.27182265004532
335.2113889747532
1.3394399870905005
138.15247565562493
247.4422393193244
240.23900327686044
173.66995330867425
130.45329854231366
15.535436335707221
283.7912839745735
92.44563338308261
25.900181220478515
66.19075191217557
340.1104042423425
283.62466413658854
157.90238008241752
297.29939668856036
70.5388188658582
115.61550280673039
314.5269654450781
113.78570184563655
158.0435138636138
353.93183726255995
181.3703973343359
107.92217729493352
34.292185688032426
6.709065015023512
330.4592520539155
187.17168539130992
226.7141823821767
269.65772169700085
168.72610612020748
10.026930693544926
238.01819379518557
108.13097643028122
355.2709310684043
295.0435119543304
46.92758542056794
144.33458891251126
223.53215456820334
334.23982947933774
86.43348315138012
209.30966113451822
142.6557550952112
109.26349946379194
234.65473535425122
332.1696401624221
1.764810458828654
137.20033181949168
263.4328436250587
33.17502718129888
101.4959006194804
42.628867507500566
171.0792023611404
282.5805287656714
289.08295675173605
143.49968485357317
38.23088686692319
303.79094153413587
16.433014983348144
50.645421654161
89.56033263681688
97.21390168980408
215.0526954194647
54.20396469763547
359.12341525628983
20.29876402762573
347.34792086754584
264.9638954085867
63.41927406227939
99.6029476803874
230.73376158075453
134.61772780762834
203.77460843647148
52.32811334258608
79.1552479945195
96.13510837432506
328.4539171042837
297.62051988338237
186.03393517393556
163.9447360366798
24.936369241980362
222.0312699975389
303.3193167567771
93.34022392080723
264.08917657009897
268.8837638823736
293.2379177017344
79.50183282381808
300.50603268658296
167.89723109747248
122.49740669623124
138.75236417114843
287.0687354077836
89.26677886406335
253.11659574930542
258.1423389713801
206.82871275977453
335.5019371772145
359.71673722045836
244.1858146457364
201.59455010998275
134.6773581689192
190.02326341298087
187.54514469040936
84.15053093384074
250.3506671048849
43.491381994539225
227.68909515319748
239.8203274252484
196.25421087655798
292.3828460409516
130.02579395164506
293.128971624774
317.96903823428266
250.28540416126708
37.738089030742124
316.60534971894606
239.1407509158902
104.98044261351761
31.525767325704987
311.30659509816707
166.3987767508424
95.72837213758015
62.6855475586152
312.4346575220718
184.991890218325
309.45544105863195
98.43625130343749
208.4544415762496
316.25451569201033
355.9896370173203
133.1232287058783
328.4121463180484
148.36993045068652
199.40747286840528
354.9126512420152
249.69120951569383
13.497868735156864
50.7175071882948
334.81278586657186
307.232540508271
127.18589060440902
346.52039962148854
183.33600986392275
225.2846839694328
350.08507210259046
208.949618045262
359.8418347226547
304.03868090706476
37.34250713473863
244.11061655246237
20.57774670474347
196.04143631130998
287.6443702571476
329.4007691994781
333.6613702191559
261.07033278784695
351.73508031175936
244.5059703793041
61.070816502181735
62.43811541506536
60.99958744362383
322.8750046019264
318.59082224946224
322.2186942976777
23.739973670159852
30.74549826175904
28.075112921671835
330.46730894731286
332.9034003399812
330.9010597288607
347.25625525792515
341.57194853018353
339.5404267217536
251.49159342232142
248.00038731539098
249.93120410822763
255.62071346948525
258.62660663799363
258.93179091165825
353.1047254122641
347.0251415476734
352.9746725094087
0.30552466769717057
356.16406395561205
0.9142588189192224
101.61013863857042
99.35852441261217
104.78134925959988
122.09562483195096
121.95125897353687
123.06487025941408
320.6022569574931
323.45547899471507
328.61226175685624
316.2097313223202
311.6631724347206
317.2731221451786
52.80047479251295
56.05182709956567
54.00632975634411
279.6461675353728
277.7152383571456
280.3291335618858
140.76807951182334
136.99917484427795
140.70744838922565
242.19864838993007
248.04013309911954
245.76966173622245
104.21130723542133
101.48561373312972
97.0720954766929
175.08747429688657
172.81688301075468
171.5524177114289
64.0539801915809
63.90016865831603
63.77791003889453
173.65140144744404
169.66006495539435
170.6289477492761
255.98289602209155
260.0986614789757
256.153414009327
13.045443178340934
20.276853309383103
13.986338914412313
28.65943302577482
27.328954209913036
20.949340073180874
258.39001233100043
254.0998168425037
258.2281526205864
64.2925213995769
63.57322296430353
65.8717173001291
223.3166725507085
226.903244791983
232.2648612094769
101.76846301869537
100.56524448869355
92.69719425385502
73.35573611081453
64.9107288791225
70.18401990377403
75.0327601713456
77.24035366164593
77.29076249918289
133.11120129010587
137.40200208721697
129.8706689228643
211.9193489903607
212.87597489269248
212.34627651908895
288.668163399785
283.3266622296243
289.448100574666
201.12257628962396
201.68055305848023
201.170104400315
289.17806500876554
289.93265171006453
286.10935535427564
317.5071157974627
323.0885968484615
323.3281138944477
294.0672074286574
293.917410661045
294.40987176506457
298.4512706029259
294.51976439063657
295.47642827448226
14.813634718840138
18.10931699789426
13.591395283232956
146.41886443809184
145.85970812751853
143.196169036203
42.737878955691585
39.187402025369856
46.00764501671452
195.45514767619704
197.42059368815143
192.15259863024667
66.7528008864455
64.44707620625763
71.22196037904855
101.80188036109026
105.63896286219763
99.3988329629916
287.5178371644089
288.1196745424641
282.84725027189324
171.32707931707148
173.26892329671634
178.14460785617337
106.94297925760218
100.25364714960881
107.69855970751388
48.96457667895113
53.328313936505104
51.810248714273214
274.4878151206025
273.665228391981
269.3285938737831
97.85884567345735
98.555802975112
95.68629726571643
180.0
335.88457268119896
335.88457268119896
180.00000000000003
24.115427318801096
24.11542731880104
180.0
335.88457268119896
335.88457268119896
180.00000000000003
24.115427318801096
24.11542731880104
180.0
335.88457268119896
335.88457268119896
180.00000000000003
24.115427318801096
24.11542731880104
180.0
335.88457268119896
335.88457268119896
180.00000000000003
24.115427318801096
24.11542731880104
180.0
335.88457268119896
335.88457268119896
180.00000000000003
24.115427318801096
24.11542731880104
180.0
335.88457268119896
335.88457268119896
180.00000000000003
24.115427318801096
24.11542731880104
180.0
335.88457268119896
335.88457268119896
180.00000000000003
24.115427318801096
24.11542731880104
180.0
335.88457268119896
335.88457268119896
180.00000000000003
24.115427318801096
24.11542731880104
180.0
335.88457268119896
335.88457268119896
180.00000000000003
24.115427318801096
24.11542731880104
180.0
335.88457268119896
335.88457268119896
180.00000000000003
24.115427318801096
24.11542731880104
180.0
335.88457268119896
335.88457268119896
180.00000000000003
24.115427318801096
24.11542731880104
180.0
335.88457268119896
335.88457268119896
180.00000000000003
24.115427318801096
24.11542731880104
180.0
335.88457268119896
335.88457268119896
180.00000000000003
24.115427318801096
24.11542731880104
180.0
335.88457268119896
335.88457268119896
180.00000000000003
24.115427318801096
24.11542731880104
180.0
335.88457268119896
335.88457268119896
180.00000000000003
24.115427318801096
24.11542731880104
180.0
335.88457268119896
335.88457268119896
180.00000000000003
24.115427318801096
24.11542731880104
180.0
335.88457268119896
335.88457268119896
180.00000000000003
24.115427318801096
24.11542731880104
180.0
335.88457268119896
335.88457268119896
180.00000000000003
24.115427318801096
24.11542731880104
180.0
335.88457268119896
335.88457268119896
180.00000000000003
24.115427318801096
24.11542731880104
180.0
335.88457268119896
335.88457268119896
180.00000000000003
24.115427318801096
24.11542731880104
180.0
335.88457268119896
335.88457268119896
180.00000000000003
24.115427318801096
24.11542731880104
180.0
335.88457268119896
335.88457268119896
180.00000000000003
24.115427318801096
24.11542731880104
180.0
335.88457268119896
335.88457268119896
180.00000000000003
24.115427318801096
24.11542731880104
180.0
335.88457268119896
335.88457268119896
180.00000000000003
24.115427318801096
24.11542731880104
180.0
335.88457268119896
335.88457268119896
180.00000000000003
24.115427318801096
24.11542731880104