13
7
0.0
51.42857142857143
102.85714285714286
154.28571428571428
205.71428571428572
257.14285714285717
308.57142857142856
0.0
27.39198188561762
-27.39198188561762
22.41857113466059
-22.41857113466059
177.44814973909152
-177.44814973909152
0.0
37.980519467441354
-37.980519467441354
19.54188022245932
-19.54188022245932
112.09095686793935
-112.09095686793935
0.0
140.18052390954657
-140.18052390954657
169.49728256144058
-169.49728256144058
9.559014921478806
-9.559014921478806
268.63044209452454
322.2202605533399
325.09953841438266
22.7638911509219
279.1820902316223
92.65371789787079
9.997937009616923
83.97736971703002
197.06189388957554
112.73994260855366
304.31149917678596
259.91977244367297
340.2961837407038
216.40389531150296
1.3143420009906226
238.05169708185062
130.11410781313583
11.447207502722136
83.38981459241242
334.1596411174501
147.687241113976
58.07826364342168
332.07706692056996
273.7847204499016
109.29479816327562
171.76290213463713
252.82795919820487
76.93766479783594
139.1345140154185
151.61784347661052
270.90139888958777
284.06007369523724
23.725567857149773
211.8576950824264
325.17370050376593
148.10640551991523
137.82686294140183
281.3456539538896
198.24509371486926
295.7849117352241
279.0200936860213
135.08699925580441
94.07392391859777
130.409910326631
56.584004299316895
271.54350688750765
188.47207200310407
29.48194957261659
110.0124800578737
150.93614010050095
173.14611656684633
22.02621321055802
243.50594809640796
262.2421303181534
230.57082126331048
313.8839424311976
74.99187811119484
50.382035385256415
174.83279093972823
43.5653363978606
131.70693568745838
90.13095527955456
232.6838365801928
195.615608946099
196.65413962376823
193.1910297454573
184.95525022836372
185.76262677000355
189.89678169852561
324.52456911852
321.72709595264274
327.07872541166046
91.67257690126932
93.758902988791
98.61449677307495
60.04918776536893
61.652179121303575
59.99949171121911
143.8637035432979
142.5537912735029
143.19793076774926
180.0
320.72966684424534
355.48702419272826
258.09907304116047
101.90092695883956
4.512975807271744
39.27033315575463
180.0
320.72966684424534
355.48702419272826
258.09907304116047
101.90092695883956
4.512975807271744
39.27033315575463
180.0
320.72966684424534
355.48702419272826
258.09907304116047
101.90092695883956
4.512975807271744
39.27033315575463